A = eval('[10:19,25,33]')

A =

   10    11    12    13    14    15    16    17    18    19    25    33