timestampInput = 2012-02-05 17:00:34.123456789
instant = 2012-02-06T01:00:34.123456789Z
dateTimeMontréal = 2012-02-05T20:00:34.123456789-05:00[America/Montreal]